DBRep_DrawableShape

CASCADE Topology V3, (c) Open Cascade
Locations 12
1
             -1               0               0               0 
              0               1               0               0 
              0               0              -1               0 
2  1 -1 0
1
             -1               0               0               0 
              0               1               0               0 
              0               0              -1               0 
2  1 1 3 -1 0
1
             -1               0               0               0 
              0               1               0               0 
              0               0              -1               0 
2  3 1 5 -1 0
1
             -1               0               0               0 
              0               1               0               0 
              0               0              -1               0 
2  5 1 7 -1 0
1
             -1               0               0               0 
              0               1               0               0 
              0               0              -1               0 
2  7 1 9 -1 0
1
             -1               0               0               0 
              0               1               0               0 
              0               0              -1               0 
2  9 1 11 -1 0
Curve2ds 0
Curves 10
1 -4.4758454537107548 43.986249999999998 4.9691866773735202e-16 0 -1 0 
1 4.4758454537107548 43.986249999999998 -4.9691866773735202e-16 -1 0 1.1102230246251588e-16 
1 4.4758454537107548 32.027499999999989 -4.9691866773735202e-16 0 1 0 
1 4.1768049186112641 32.027499999999989 -5.301188364737202e-16 1 0 1.1102230246251565e-16 
2 4.1767058528336758 32.329469685506858 -5.301298349844433e-16 -1.1102230246251565e-16 0 1 -0.74147679062516714 -0.67097851602283232 -8.2320460517722697e-17 0.67097851602283232 -0.74147679062516714 7.4493579751736796e-17 0.3019697017568907
2 -6920.5836451243758 -6228.143193029583 -7.6933296814738631e-13 1.1102230247410212e-16 1.0469697745657735e-26 -1 0.74172531884440729 0.67070377320033192 8.2348052708465692e-17 0.67070377320033192 -0.74172531884440729 7.4463077171003199e-17 9334.8907910122289
2 -3005.2967503996788 -1298.7193646215642 -3.3464880214778275e-13 1.1102230246246652e-16 -2.4563578909171597e-29 -1 0.91360900552957847 0.40659388216653575 1.0143097534432812e-16 0.40659388216653575 -0.91360900552957847 4.5140988965304047e-17 3290.1147239641682
2 -1441.5744843392508 -224.30030016723745 -1.6104075575756275e-13 1.110223024622009e-16 -5.8382322208078472e-29 -1 0.98365386676680677 0.18006962651904762 1.0920751711428737e-16 0.18006962651904762 -0.98365386676680677 1.9991744539710684e-17 1465.9988475888788
2 0.061571173838853938 39.548391132949575 -9.8700156198979847e-16 -1.110223024625251e-16 -6.46480306442815e-30 1 0.94864970757677236 0.31632851960344061 1.0532127476557646e-16 -0.31632851960344061 0.94864970757677236 -3.5119520580929852e-17 0.42099796735818046
2 0.001049073231172877 39.50387430107881 -9.937208649491269e-16 -1.1102230246251649e-16 -1.2484065139589865e-30 1 0.80135879141419986 0.59818399127958366 8.8968698121384707e-17 -0.59818399127958366 0.80135879141419986 -6.641176400807627e-17 0.49612680806893006
Polygon3D 12
7 1
0.501309442046724
3.95280232745022 32.126854503204 -5.54988119901956e-16 3.98309643575113 32.0977347196599 -5.51624798247373e-16 4.01713954339737 32.0731021882065 -5.47845254053508e-16 4.05427244909164 32.0534338863299 -5.43722673366206e-16 4.09377612147992 32.0391106656078 -5.39336884701936e-16 4.13488562233515 32.0304098769397 -5.34772813263903e-16 4.1768049186108 32.0275 -5.30118836473771e-16 
0 0.139266117666913 0.278532235333827 0.41779835300074 0.557064470667654 0.696330588334567 0.835596706001481 
4 1
0.501309442046724
3.34120321689102 32.80328291535 -6.22889261340258e-16 3.54507692927837 32.5778134166003 -6.00254732379408e-16 3.74894329951803 32.3523372791615 -5.77621018560624e-16 3.95280232745022 32.126854503204 -5.54988119901956e-16 
0 3.25633487165246e-05 6.51266974330491e-05 9.76900461495737e-05 
4 1
0.501309442046724
0.581690639448311 39.0211537683071 -9.29256701362281e-16 1.50295655890113 36.9491642730918 -8.26975637804395e-16 2.42279423035825 34.87654032727 -7.24853141627517e-16 3.34120321689102 32.80328291535 -6.22889261340258e-16 
0 0.0006892068267076 0.0013784136534152 0.0020676204801228 
4 1
0.501309442046724
0.460950769847984 39.6815647960831 -9.42661519684316e-16 0.501230995227615 39.461433930932 -9.38189516318965e-16 0.541477619611896 39.2412969201758 -9.33721243413478e-16 0.581690639448311 39.0211537683071 -9.29256701362281e-16 
0 0.000152650749297925 0.000305301498595851 0.000457952247893776 
4 1
0.501309442046724
0.460950769847984 39.6815647960831 -9.42661519684316e-16 0.444465667128367 39.7234085478782 -9.44491733744574e-16 0.423610962386236 39.763254996892 -9.46807071082221e-16 0.398624652533475 39.8006494153103 -9.49581108732116e-16 
0 0.106877915626896 0.213755831253793 0.320633746880689 
9 1
0.0018438038898186
0.398624652533475 39.8006494153103 -9.49581108732116e-16 0.361447290972609 39.8448360794843 -9.53708625012085e-16 0.319387417957734 39.8844035482615 -9.58378208955477e-16 0.273014841555706 39.9188157795361 -9.63526599158749e-16 0.22295779638115 39.94760657202 -9.69084047568499e-16 0.169894432559088 39.970385881126 -9.7497526439643e-16 0.114543628454882 39.9868451031147 -9.81120438111231e-16 0.0576552516364706 39.9967612559184 -9.87436316688966e-16 -3.50824746124785e-24 40 3.89302856726569e-28 
0 0.11645972871553 0.23291945743106 0.34937918614659 0.46583891486212 0.58229864357765 0.698758372293181 0.815218101008711 0.931677829724241 
9 1
0.501309442046724
0.398624652533475 39.8006494153103 -9.49581108732116e-16 0.361447290972609 39.8448360794843 -9.53708625012085e-16 0.319387417957734 39.8844035482615 -9.58378208955477e-16 0.273014841555706 39.9188157795361 -9.63526599158749e-16 0.22295779638115 39.94760657202 -9.69084047568499e-16 0.169894432559088 39.970385881126 -9.7497526439643e-16 0.114543628454882 39.9868451031147 -9.81120438111231e-16 0.0576552516364706 39.9967612559184 -9.87436316688966e-16 3.50824746124785e-24 40 -3.89302856726569e-28 
0 0.11645972871553 0.23291945743106 0.34937918614659 0.46583891486212 0.58229864357765 0.698758372293181 0.815218101008711 0.931677829724241 
4 1
0.0018438038898186
0.460950769847985 39.6815647960831 -9.42661519684315e-16 0.444465667128367 39.7234085478782 -9.44491733744574e-16 0.423610962386236 39.763254996892 -9.46807071082221e-16 0.398624652533475 39.8006494153103 -9.49581108732116e-16 
0 0.106877915626896 0.213755831253793 0.320633746880689 
4 1
0.501309442046724
0.460950769847985 39.6815647960831 -9.42661519684315e-16 0.501230995227615 39.461433930932 -9.38189516318965e-16 0.541477619611896 39.2412969201758 -9.33721243413478e-16 0.581690639448311 39.0211537683071 -9.29256701362281e-16 
0 0.000152650749297925 0.000305301498595851 0.000457952247893776 
4 1
0.501309442046724
0.581690639448311 39.0211537683071 -9.29256701362281e-16 1.50295655890113 36.9491642730918 -8.26975637804395e-16 2.42279423035825 34.87654032727 -7.24853141627517e-16 3.34120321689102 32.80328291535 -6.22889261340258e-16 
0 0.0006892068267076 0.0013784136534152 0.0020676204801228 
4 1
0.501309442046724
3.34120321689102 32.80328291535 -6.22889261340258e-16 3.54507692927837 32.5778134166003 -6.00254732379408e-16 3.74894329951803 32.3523372791615 -5.77621018560624e-16 3.95280232745022 32.126854503204 -5.54988119901956e-16 
0 3.25633487165246e-05 6.51266974330491e-05 9.76900461495737e-05 
7 1
0.501309442046724
3.95280232745022 32.126854503204 -5.54988119901956e-16 3.98309643575113 32.0977347196599 -5.51624798247373e-16 4.01713954339737 32.0731021882065 -5.47845254053508e-16 4.05427244909164 32.0534338863299 -5.43722673366206e-16 4.09377612147992 32.0391106656078 -5.39336884701936e-16 4.13488562233515 32.0304098769397 -5.34772813263903e-16 4.1768049186108 32.0275 -5.30118836473771e-16 
0 0.139266117666913 0.278532235333827 0.41779835300074 0.557064470667654 0.696330588334567 0.835596706001481 
PolygonOnTriangulations 0
Surfaces 0
Triangulations 0

TShapes 34
Ve
1e-07
-4.47584545371075 43.98625 4.96918667737352e-16
0 0

0101101
*
Ve
1.00000048877528e-07
-4.47584545371076 32.0275 0
0 0

0101101
*
Ed
 1e-07 1 1 0
1  1 0 0 11.95875
0

0101000
+34 0 -33 0 *
Ve
1e-07
4.47584545371075 43.98625 -4.96918667737352e-16
0 0

0101101
*
Ed
 1e-07 1 1 0
1  2 0 0 8.95169090742151
0

0101000
+31 0 -34 0 *
Ve
1.00000048877528e-07
4.47584545371076 32.0275 0
0 0

0101101
*
Ed
 1e-07 1 1 0
1  3 0 0 11.95875
0

0101000
+29 0 -31 0 *
Ve
1.00000459188243e-07
4.1768049186108 32.0275 -5.30118836473771e-16
0 0

0101101
*
Ed
 1e-07 1 1 0
1  4 0 0 0.299040535099491
0

0101000
+27 0 -33 2 *
Ve
1.00088237335899e-07
3.95280232745022 32.126854503204 -5.54988119901956e-16
0 0

0101101
*
Ed
 1e-07 1 1 0
1  5 0 0 0.835596706001481
5  1 0
0

0101000
+25 0 -27 4 *
Ve
1.00000254211497e-07
3.34120321689102 32.80328291535 -6.22889261340258e-16
0 0

0101101
*
Ed
 1e-07 1 1 0
1  6 0 0 9.76900461495737e-05
5  2 0
0

0101000
+23 0 -25 6 *
Ve
1.00000151063458e-07
0.581690639448311 39.0211537683071 -9.29256701362281e-16
0 0

0101101
*
Ed
 1e-07 1 1 0
1  7 0 0 0.0020676204801228
5  3 0
0

0101000
+21 0 -23 8 *
Ve
1.02692056476821e-07
0.460950769847984 39.6815647960831 -9.42661519684316e-16
0 0

0101101
*
Ed
 1e-07 1 1 0
1  8 0 0 0.000457952247893776
5  4 0
0

0101000
+19 0 -21 10 *
Ve
1.00000000055511e-07
0.398624652533475 39.8006494153103 -9.49581108732116e-16
0 0

0101101
*
Ed
 1e-07 1 1 0
1  9 0 0 0.320633746880689
5  5 0
0

0101000
+19 12 -17 0 *
Ve
1.00008956398178e-07
-3.50824746124785e-24 40 3.89302856726569e-28
0 0

0101101
*
Ed
 1e-07 1 1 0
1  10 0 0 0.931677829724241
5  6 0
0

0101000
+17 0 -15 0 *
Ed
 1e-07 1 1 0
1  10 0 0 0.931677829724241
5  7 0
0

0101000
+17 0 -15 11 *
Ve
1.02692056924072e-07
0.460950769847985 39.6815647960831 -9.42661519684315e-16
0 0

0101101
*
Ed
 1e-07 1 1 0
1  9 0 0 0.320633746880689
5  8 0
0

0101000
+12 0 -17 0 *
Ve
1.00000151063458e-07
0.581690639448311 39.0211537683071 -9.29256701362281e-16
0 0

0101101
*
Ed
 1e-07 1 1 0
1  8 0 0 0.000457952247893776
5  9 0
0

0101000
+12 0 -10 0 *
Ve
1.00000254211497e-07
3.34120321689102 32.80328291535 -6.22889261340258e-16
0 0

0101101
*
Ed
 1e-07 1 1 0
1  7 0 0 0.0020676204801228
5  10 0
0

0101000
+10 0 -8 0 *
Ve
1.00088237335899e-07
3.95280232745022 32.126854503204 -5.54988119901956e-16
0 0

0101101
*
Ed
 1e-07 1 1 0
1  6 0 0 9.76900461495737e-05
5  11 0
0

0101000
+8 0 -6 0 *
Ve
1.00000459188243e-07
4.1768049186108 32.0275 -5.30118836473771e-16
0 0

0101101
*
Ed
 1e-07 1 1 0
1  5 0 0 0.835596706001481
5  12 0
0

0101000
+6 0 -4 0 *
Ed
 1e-07 1 1 0
1  4 0 0 0.299040535099491
0

0101000
+4 0 -29 0 *
Wi

0101100
+32 0 +30 0 +28 0 -26 1 -24 3 -22 5 -20 7 -18 9 +16 11 +14 11 
-13 0 -11 0 +9 0 +7 0 +5 0 +3 0 +2 0 *

+1 0 